1,2,3,4,5,6,7,8,9

 7 20 33 48 61
14 23 37 55 62
 4 21 31 58 66
 1 27 32 54 65
 2 26 41 57 64

 3 19 36 51 69
 5 29 44 50 74
13 17 43 49 72
 6 18 39 46 70
12 28 42 53 73

11 22 35 56 75
 9 16 45 52 63 
 8 25 40 60 71
15 24 38 59 68
10 30 34 47 67

 6 16 36 59 62
15 18 39 46 74
 7 29 37 54 61
 8 30 40 51 69
 9 27 33 60 71

 1 20 43 49 67
13 19 38 53 64
 3 17 41 50 66
 2 21 35 55 68
 5 24 31 52 63

12 22 45 58 72
10 23 32 47 75
 4 25 44 48 65
11 28 34 56 73
14 26 42 57 70

14 19 33 46 69
 1 20 31 57 62
12 27 37 58 71
 3 29 41 48 75
10 25 39 51 72

11 28 40 47 67
 9 21 42 54 70
 6 30 32 56 74
 4 24 38 49 68
 2 23 34 53 73

 8 22 35 59 63
 7 17 44 50 66
15 26 45 52 65
13 16 36 60 64
 5 18 43 55 61

 2 25 45 53 67
 6 27 32 60 72
 9 24 39 56 75
 1 21 43 55 63
15 28 31 57 68

 3 23 36 51 64
 8 29 42 52 73
 7 22 40 58 62
12 18 37 59 69
14 30 41 48 65

 4 26 44 47 66
10 16 34 54 70
11 17 33 49 71
 5 20 35 50 61
13 19 38 46 74

14 16 35 53 65
12 25 45 50 62
 9 28 37 55 64
 8 30 39 47 70
 5 24 41 51 68

 6 29 42 56 69
 4 20 38 54 61
 3 22 34 49 67
11 19 43 48 63
 7 18 31 46 75

 1 23 36 58 73
15 27 40 52 74
10 21 33 57 66
13 26 44 59 71
 2 17 32 60 72
